(kicad_pcb (version 20171130) (host pcbnew 5.1.5-52549c5~84~ubuntu19.04.1)

  (general
    (thickness 1.6)
    (drawings 22)
    (tracks 19)
    (zones 0)
    (modules 39)
    (nets 77)
  )

  (page A4)
  (layers
    (0 F.Cu signal)
    (31 B.Cu signal)
    (32 B.Adhes user)
    (33 F.Adhes user)
    (34 B.Paste user)
    (35 F.Paste user)
    (36 B.SilkS user)
    (37 F.SilkS user)
    (38 B.Mask user)
    (39 F.Mask user)
    (40 Dwgs.User user)
    (41 Cmts.User user)
    (42 Eco1.User user)
    (43 Eco2.User user)
    (44 Edge.Cuts user)
    (45 Margin user hide)
    (46 B.CrtYd user hide)
    (47 F.CrtYd user)
    (48 B.Fab user)
    (49 F.Fab user hide)
  )

  (setup
    (last_trace_width 0.25)
    (user_trace_width 0.508)
    (trace_clearance 0.2)
    (zone_clearance 0.508)
    (zone_45_only yes)
    (trace_min 0.2)
    (via_size 0.8)
    (via_drill 0.4)
    (via_min_size 0.4)
    (via_min_drill 0.3)
    (user_via 0.45 0.3)
    (uvia_size 0.3)
    (uvia_drill 0.1)
    (uvias_allowed no)
    (uvia_min_size 0.2)
    (uvia_min_drill 0.1)
    (edge_width 0.1)
    (segment_width 0.2)
    (pcb_text_width 0.3)
    (pcb_text_size 1.5 1.5)
    (mod_edge_width 0.15)
    (mod_text_size 1 1)
    (mod_text_width 0.15)
    (pad_size 1.524 1.524)
    (pad_drill 0.762)
    (pad_to_mask_clearance 0)
    (aux_axis_origin 0 0)
    (visible_elements FFFFFF7F)
    (pcbplotparams
      (layerselection 0x010fc_ffffffff)
      (usegerberextensions false)
      (usegerberattributes false)
      (usegerberadvancedattributes false)
      (creategerberjobfile false)
      (excludeedgelayer true)
      (linewidth 0.100000)
      (plotframeref false)
      (viasonmask false)
      (mode 1)
      (useauxorigin false)
      (hpglpennumber 1)
      (hpglpenspeed 20)
      (hpglpendiameter 15.000000)
      (psnegative false)
      (psa4output false)
      (plotreference true)
      (plotvalue true)
      (plotinvisibletext false)
      (padsonsilk false)
      (subtractmaskfromsilk false)
      (outputformat 1)
      (mirror false)
      (drillshape 0)
      (scaleselection 1)
      (outputdirectory "plot/"))
  )

  (net 0 "")
  (net 1 "Net-(C1-Pad1)")
  (net 2 GND)
  (net 3 3.3V)
  (net 4 "Net-(C4-Pad1)")
  (net 5 "Net-(C4-Pad2)")
  (net 6 SW_CAN)
  (net 7 MC33_TX)
  (net 8 MC33_RX)
  (net 9 "Net-(R9-Pad2)")
  (net 10 MC33_MODE0)
  (net 11 MC33_MODE1)
  (net 12 ESP32_EN)
  (net 13 "Net-(D2-Pad2)")
  (net 14 USB_VBUS)
  (net 15 "Net-(D4-Pad2)")
  (net 16 "Net-(J1-Pad2)")
  (net 17 ESP32_RX)
  (net 18 ESP32_TX)
  (net 19 USB_CC1)
  (net 20 USB_D+)
  (net 21 USB_D-)
  (net 22 USB_CC2)
  (net 23 RTS)
  (net 24 "Net-(Q1-Pad2)")
  (net 25 "Net-(Q2-Pad2)")
  (net 26 ESP32_BOOT)
  (net 27 DTR)
  (net 28 "Net-(R3-Pad1)")
  (net 29 "Net-(R11-Pad1)")
  (net 30 "Net-(R12-Pad2)")
  (net 31 "Net-(J3-PadA8)")
  (net 32 "Net-(J3-PadB8)")
  (net 33 "Net-(U1-Pad4)")
  (net 34 "Net-(U1-Pad5)")
  (net 35 "Net-(U1-Pad6)")
  (net 36 "Net-(U1-Pad7)")
  (net 37 "Net-(U1-Pad8)")
  (net 38 "Net-(U1-Pad9)")
  (net 39 "Net-(U1-Pad10)")
  (net 40 "Net-(U1-Pad11)")
  (net 41 "Net-(U1-Pad12)")
  (net 42 "Net-(U1-Pad13)")
  (net 43 "Net-(U1-Pad14)")
  (net 44 "Net-(U1-Pad16)")
  (net 45 "Net-(U1-Pad17)")
  (net 46 "Net-(U1-Pad18)")
  (net 47 "Net-(U1-Pad19)")
  (net 48 "Net-(U1-Pad20)")
  (net 49 "Net-(U1-Pad21)")
  (net 50 "Net-(U1-Pad22)")
  (net 51 "Net-(U1-Pad23)")
  (net 52 "Net-(U1-Pad26)")
  (net 53 "Net-(U1-Pad29)")
  (net 54 "Net-(U1-Pad32)")
  (net 55 "Net-(U1-Pad33)")
  (net 56 "Net-(U1-Pad36)")
  (net 57 "Net-(U1-Pad37)")
  (net 58 "Net-(U3-Pad6)")
  (net 59 "Net-(U3-Pad13)")
  (net 60 "Net-(U5-Pad1)")
  (net 61 "Net-(U5-Pad2)")
  (net 62 "Net-(U5-Pad10)")
  (net 63 "Net-(U5-Pad11)")
  (net 64 "Net-(U5-Pad12)")
  (net 65 "Net-(U5-Pad13)")
  (net 66 "Net-(U5-Pad14)")
  (net 67 "Net-(U5-Pad15)")
  (net 68 "Net-(U5-Pad16)")
  (net 69 "Net-(U5-Pad17)")
  (net 70 "Net-(U5-Pad18)")
  (net 71 "Net-(U5-Pad19)")
  (net 72 "Net-(U5-Pad20)")
  (net 73 "Net-(U5-Pad21)")
  (net 74 "Net-(U5-Pad22)")
  (net 75 "Net-(U5-Pad23)")
  (net 76 "Net-(U5-Pad27)")

  (net_class Default "This is the default net class."
    (clearance 0.2)
    (trace_width 0.25)
    (via_dia 0.8)
    (via_drill 0.4)
    (uvia_dia 0.3)
    (uvia_drill 0.1)
    (add_net 3.3V)
    (add_net DTR)
    (add_net ESP32_BOOT)
    (add_net ESP32_EN)
    (add_net ESP32_RX)
    (add_net ESP32_TX)
    (add_net GND)
    (add_net MC33_MODE0)
    (add_net MC33_MODE1)
    (add_net MC33_RX)
    (add_net MC33_TX)
    (add_net "Net-(C1-Pad1)")
    (add_net "Net-(C4-Pad1)")
    (add_net "Net-(C4-Pad2)")
    (add_net "Net-(D2-Pad2)")
    (add_net "Net-(D4-Pad2)")
    (add_net "Net-(J1-Pad2)")
    (add_net "Net-(J3-PadA8)")
    (add_net "Net-(J3-PadB8)")
    (add_net "Net-(Q1-Pad2)")
    (add_net "Net-(Q2-Pad2)")
    (add_net "Net-(R11-Pad1)")
    (add_net "Net-(R12-Pad2)")
    (add_net "Net-(R3-Pad1)")
    (add_net "Net-(R9-Pad2)")
    (add_net "Net-(U1-Pad10)")
    (add_net "Net-(U1-Pad11)")
    (add_net "Net-(U1-Pad12)")
    (add_net "Net-(U1-Pad13)")
    (add_net "Net-(U1-Pad14)")
    (add_net "Net-(U1-Pad16)")
    (add_net "Net-(U1-Pad17)")
    (add_net "Net-(U1-Pad18)")
    (add_net "Net-(U1-Pad19)")
    (add_net "Net-(U1-Pad20)")
    (add_net "Net-(U1-Pad21)")
    (add_net "Net-(U1-Pad22)")
    (add_net "Net-(U1-Pad23)")
    (add_net "Net-(U1-Pad26)")
    (add_net "Net-(U1-Pad29)")
    (add_net "Net-(U1-Pad32)")
    (add_net "Net-(U1-Pad33)")
    (add_net "Net-(U1-Pad36)")
    (add_net "Net-(U1-Pad37)")
    (add_net "Net-(U1-Pad4)")
    (add_net "Net-(U1-Pad5)")
    (add_net "Net-(U1-Pad6)")
    (add_net "Net-(U1-Pad7)")
    (add_net "Net-(U1-Pad8)")
    (add_net "Net-(U1-Pad9)")
    (add_net "Net-(U3-Pad13)")
    (add_net "Net-(U3-Pad6)")
    (add_net "Net-(U5-Pad1)")
    (add_net "Net-(U5-Pad10)")
    (add_net "Net-(U5-Pad11)")
    (add_net "Net-(U5-Pad12)")
    (add_net "Net-(U5-Pad13)")
    (add_net "Net-(U5-Pad14)")
    (add_net "Net-(U5-Pad15)")
    (add_net "Net-(U5-Pad16)")
    (add_net "Net-(U5-Pad17)")
    (add_net "Net-(U5-Pad18)")
    (add_net "Net-(U5-Pad19)")
    (add_net "Net-(U5-Pad2)")
    (add_net "Net-(U5-Pad20)")
    (add_net "Net-(U5-Pad21)")
    (add_net "Net-(U5-Pad22)")
    (add_net "Net-(U5-Pad23)")
    (add_net "Net-(U5-Pad27)")
    (add_net RTS)
    (add_net SW_CAN)
    (add_net USB_CC1)
    (add_net USB_CC2)
    (add_net USB_D+)
    (add_net USB_D-)
    (add_net USB_VBUS)
  )

  (module Capacitor_SMD:C_2010_5025Metric_Pad1.52x2.65mm_HandSolder (layer F.Cu) (tedit 5B301BBE) (tstamp 5E560B41)
    (at 176.9 103 180)
    (descr "Capacitor SMD 2010 (5025 Metric), square (rectangular) end terminal, IPC_7351 nominal with elongated pad for handsoldering. (Body size source: http://www.tortai-tech.com/upload/download/2011102023233369053.pdf), generated with kicad-footprint-generator")
    (tags "capacitor handsolder")
    (path /5E4E29F0)
    (attr smd)
    (fp_text reference C1 (at 2.5 -6.25) (layer F.SilkS) hide
      (effects (font (size 0.5 0.5) (thickness 0.1)))
    )
    (fp_text value 10uF (at 0 0) (layer F.SilkS)
      (effects (font (size 0.5 0.5) (thickness 0.1)))
    )
    (fp_text user %R (at 2.5 0) (layer F.SilkS) hide
      (effects (font (size 0.5 0.5) (thickness 0.1)))
    )
    (fp_line (start 3.35 1.58) (end -3.35 1.58) (layer F.CrtYd) (width 0.05))
    (fp_line (start 3.35 -1.58) (end 3.35 1.58) (layer F.CrtYd) (width 0.05))
    (fp_line (start -3.35 -1.58) (end 3.35 -1.58) (layer F.CrtYd) (width 0.05))
    (fp_line (start -3.35 1.58) (end -3.35 -1.58) (layer F.CrtYd) (width 0.05))
    (fp_line (start -1.402064 1.36) (end 1.402064 1.36) (layer F.SilkS) (width 0.12))
    (fp_line (start -1.402064 -1.36) (end 1.402064 -1.36) (layer F.SilkS) (width 0.12))
    (fp_line (start 2.5 1.25) (end -2.5 1.25) (layer F.Fab) (width 0.1))
    (fp_line (start 2.5 -1.25) (end 2.5 1.25) (layer F.Fab) (width 0.1))
    (fp_line (start -2.5 -1.25) (end 2.5 -1.25) (layer F.Fab) (width 0.1))
    (fp_line (start -2.5 1.25) (end -2.5 -1.25) (layer F.Fab) (width 0.1))
    (pad 2 smd roundrect (at 2.3375 0 180) (size 1.525 2.65) (layers F.Cu F.Paste F.Mask) (roundrect_rratio 0.163934)
      (net 2 GND))
    (pad 1 smd roundrect (at -2.3375 0 180) (size 1.525 2.65) (layers F.Cu F.Paste F.Mask) (roundrect_rratio 0.163934)
      (net 1 "Net-(C1-Pad1)"))
    (model ${KISYS3DMOD}/Capacitor_SMD.3dshapes/C_2010_5025Metric.wrl
      (at (xyz 0 0 0))
      (scale (xyz 1 1 1))
      (rotate (xyz 0 0 0))
    )
  )

  (module Diode_SMD:D_0805_2012Metric_Pad1.15x1.40mm_HandSolder placed (layer F.Cu) (tedit 5B4B45C8) (tstamp 5E55DD2A)
    (at 192.6 107.9 270)
    (descr "Diode SMD 0805 (2012 Metric), square (rectangular) end terminal, IPC_7351 nominal, (Body size source: https://docs.google.com/spreadsheets/d/1BsfQQcO9C6DZCsRaXUlFlo91Tg2WpOkGARC1WS5S8t0/edit?usp=sharing), generated with kicad-footprint-generator")
    (tags "diode handsolder")
    (path /5E5B490D)
    (attr smd)
    (fp_text reference D4 (at 0.025 1.5 90) (layer F.SilkS) hide
      (effects (font (size 0.5 0.5) (thickness 0.1)))
    )
    (fp_text value 1N5819 (at 0 -1.4 90) (layer F.SilkS)
      (effects (font (size 0.5 0.5) (thickness 0.1)))
    )
    (fp_text user %R (at 5.47 0 90) (layer F.SilkS) hide
      (effects (font (size 0.5 0.5) (thickness 0.1)))
    )
    (fp_line (start 1.85 0.95) (end -1.85 0.95) (layer F.CrtYd) (width 0.05))
    (fp_line (start 1.85 -0.95) (end 1.85 0.95) (layer F.CrtYd) (width 0.05))
    (fp_line (start -1.85 -0.95) (end 1.85 -0.95) (layer F.CrtYd) (width 0.05))
    (fp_line (start -1.85 0.95) (end -1.85 -0.95) (layer F.CrtYd) (width 0.05))
    (fp_line (start -1.86 0.96) (end 1 0.96) (layer F.SilkS) (width 0.12))
    (fp_line (start -1.86 -0.96) (end -1.86 0.96) (layer F.SilkS) (width 0.12))
    (fp_line (start 1 -0.96) (end -1.86 -0.96) (layer F.SilkS) (width 0.12))
    (fp_line (start 1 0.6) (end 1 -0.6) (layer F.Fab) (width 0.1))
    (fp_line (start -1 0.6) (end 1 0.6) (layer F.Fab) (width 0.1))
    (fp_line (start -1 -0.3) (end -1 0.6) (layer F.Fab) (width 0.1))
    (fp_line (start -0.7 -0.6) (end -1 -0.3) (layer F.Fab) (width 0.1))
    (fp_line (start 1 -0.6) (end -0.7 -0.6) (layer F.Fab) (width 0.1))
    (fp_text user K (at 0 0) (layer F.SilkS) hide
      (effects (font (size 1 1) (thickness 0.15)))
    )
    (pad 2 smd roundrect (at 1.025 0 270) (size 1.15 1.4) (layers F.Cu F.Paste F.Mask) (roundrect_rratio 0.217391)
      (net 15 "Net-(D4-Pad2)"))
    (pad 1 smd roundrect (at -1.025 0 270) (size 1.15 1.4) (layers F.Cu F.Paste F.Mask) (roundrect_rratio 0.217391)
      (net 14 USB_VBUS))
    (model ${KISYS3DMOD}/Diode_SMD.3dshapes/D_0805_2012Metric.wrl
      (at (xyz 0 0 0))
      (scale (xyz 1 1 1))
      (rotate (xyz 0 0 0))
    )
  )

  (module Connector_USB:USB_C_Receptacle_Amphenol_12401610E4-2A placed (layer F.Cu) (tedit 5E51F215) (tstamp 5E51F57F)
    (at 195 116.25)
    (descr "USB TYPE C, RA RCPT PCB, SMT, https://www.amphenolcanada.com/StockAvailabilityPrice.aspx?From=&PartNum=12401610E4%7e2A")
    (tags "USB C Type-C Receptacle SMD")
    (path /5E53E2D6)
    (attr smd)
    (fp_text reference J3 (at 0 -6.36) (layer F.SilkS) hide
      (effects (font (size 0.5 0.5) (thickness 0.1)))
    )
    (fp_text value USB_C_Receptacle_USB2.0 (at 0 4.55) (layer F.SilkS)
      (effects (font (size 0.5 0.5) (thickness 0.1)))
    )
    (fp_text user %R (at 0 0) (layer F.SilkS) hide
      (effects (font (size 0.5 0.5) (thickness 0.1)))
    )
    (fp_line (start -5.39 5.73) (end -5.39 -5.87) (layer F.CrtYd) (width 0.05))
    (fp_line (start 5.39 5.73) (end -5.39 5.73) (layer F.CrtYd) (width 0.05))
    (fp_line (start 5.39 -5.87) (end 5.39 5.73) (layer F.CrtYd) (width 0.05))
    (fp_line (start -5.39 -5.87) (end 5.39 -5.87) (layer F.CrtYd) (width 0.05))
    (fp_line (start 4.6 5.23) (end 4.6 -5.22) (layer F.Fab) (width 0.1))
    (fp_line (start -4.6 5.23) (end 4.6 5.23) (layer F.Fab) (width 0.1))
    (fp_line (start 3.25 -5.37) (end 4.75 -5.37) (layer F.SilkS) (width 0.12))
    (fp_line (start 4.75 -5.37) (end 4.75 1.89) (layer F.SilkS) (width 0.12))
    (fp_line (start -4.75 -5.37) (end -4.75 1.89) (layer F.SilkS) (width 0.12))
    (fp_line (start -4.75 -5.37) (end -3.25 -5.37) (layer F.SilkS) (width 0.12))
    (fp_line (start -4.6 -5.22) (end 4.6 -5.22) (layer F.Fab) (width 0.1))
    (fp_line (start -4.6 5.23) (end -4.6 -5.22) (layer F.Fab) (width 0.1))
    (pad S1 thru_hole oval (at -4.13 -3.11) (size 0.8 1.4) (drill oval 0.5 1.1) (layers *.Cu *.Mask)
      (net 2 GND))
    (pad A1 smd rect (at -2.75 -5.02) (size 0.3 0.7) (layers F.Cu F.Paste F.Mask)
      (net 2 GND))
    (pad A2 smd rect (at -2.25 -5.02) (size 0.3 0.7) (layers F.Cu F.Paste F.Mask))
    (pad A3 smd rect (at -1.75 -5.02) (size 0.3 0.7) (layers F.Cu F.Paste F.Mask))
    (pad A4 smd rect (at -1.25 -5.02) (size 0.3 0.7) (layers F.Cu F.Paste F.Mask)
      (net 15 "Net-(D4-Pad2)"))
    (pad A5 smd rect (at -0.75 -5.02) (size 0.3 0.7) (layers F.Cu F.Paste F.Mask)
      (net 19 USB_CC1))
    (pad A6 smd rect (at -0.25 -5.02) (size 0.3 0.7) (layers F.Cu F.Paste F.Mask)
      (net 20 USB_D+))
    (pad A7 smd rect (at 0.25 -5.02) (size 0.3 0.7) (layers F.Cu F.Paste F.Mask)
      (net 21 USB_D-))
    (pad A12 smd rect (at 2.75 -5.02) (size 0.3 0.7) (layers F.Cu F.Paste F.Mask)
      (net 2 GND))
    (pad A10 smd rect (at 1.75 -5.02) (size 0.3 0.7) (layers F.Cu F.Paste F.Mask))
    (pad A9 smd rect (at 1.25 -5.02) (size 0.3 0.7) (layers F.Cu F.Paste F.Mask)
      (net 15 "Net-(D4-Pad2)"))
    (pad A8 smd rect (at 0.75 -5.02) (size 0.3 0.7) (layers F.Cu F.Paste F.Mask)
      (net 31 "Net-(J3-PadA8)"))
    (pad A11 smd rect (at 2.25 -5.02) (size 0.3 0.7) (layers F.Cu F.Paste F.Mask))
    (pad B1 smd rect (at 2.5 -3.32) (size 0.3 0.7) (layers F.Cu F.Paste F.Mask)
      (net 2 GND))
    (pad S1 thru_hole oval (at 4.13 -3.11) (size 0.8 1.4) (drill oval 0.5 1.1) (layers *.Cu *.Mask)
      (net 2 GND))
    (pad S1 thru_hole oval (at 4.49 2.84) (size 0.8 1.4) (drill oval 0.5 1.1) (layers *.Cu *.Mask)
      (net 2 GND))
    (pad S1 thru_hole oval (at -4.49 2.84) (size 0.8 1.4) (drill oval 0.5 1.1) (layers *.Cu *.Mask)
      (net 2 GND))
    (pad "" np_thru_hole oval (at 3.6 -4.36) (size 0.95 0.65) (drill oval 0.95 0.65) (layers *.Cu *.Mask))
    (pad "" np_thru_hole circle (at -3.6 -4.36) (size 0.65 0.65) (drill 0.65) (layers *.Cu *.Mask))
    (pad B2 smd rect (at 2 -3.32) (size 0.3 0.7) (layers F.Cu F.Paste F.Mask))
    (pad B3 smd rect (at 1.5 -3.32) (size 0.3 0.7) (layers F.Cu F.Paste F.Mask))
    (pad B4 smd rect (at 1 -3.32) (size 0.3 0.7) (layers F.Cu F.Paste F.Mask)
      (net 15 "Net-(D4-Pad2)"))
    (pad B5 smd rect (at 0.5 -3.32) (size 0.3 0.7) (layers F.Cu F.Paste F.Mask)
      (net 22 USB_CC2))
    (pad B6 smd rect (at 0 -3.32) (size 0.3 0.7) (layers F.Cu F.Paste F.Mask)
      (net 20 USB_D+))
    (pad B7 smd rect (at -0.5 -3.32) (size 0.3 0.7) (layers F.Cu F.Paste F.Mask)
      (net 21 USB_D-))
    (pad B8 smd rect (at -1 -3.32) (size 0.3 0.7) (layers F.Cu F.Paste F.Mask)
      (net 32 "Net-(J3-PadB8)"))
    (pad B9 smd rect (at -1.5 -3.32) (size 0.3 0.7) (layers F.Cu F.Paste F.Mask)
      (net 15 "Net-(D4-Pad2)"))
    (pad B10 smd rect (at -2 -3.32) (size 0.3 0.7) (layers F.Cu F.Paste F.Mask))
    (pad B11 smd rect (at -2.5 -3.32) (size 0.3 0.7) (layers F.Cu F.Paste F.Mask))
    (pad B12 smd rect (at -3 -3.32) (size 0.3 0.7) (layers F.Cu F.Paste F.Mask)
      (net 2 GND))
    (model ${KISYS3DMOD}/Connector_USB.3dshapes/USB_C_Receptacle_Amphenol_12401610E4-2A.wrl
      (at (xyz 0 0 0))
      (scale (xyz 1 1 1))
      (rotate (xyz 0 0 0))
    )
    (model ${KIPRJMOD}/3d_models/12401610E4#2A--3DModel-STEP-56544.STEP
      (offset (xyz 0 -5.25 1.5))
      (scale (xyz 1 1 1))
      (rotate (xyz -90 0 0))
    )
  )

  (module Capacitor_SMD:C_0805_2012Metric_Pad1.15x1.40mm_HandSolder placed (layer F.Cu) (tedit 5B36C52B) (tstamp 5E50D52A)
    (at 182.9 100 180)
    (descr "Capacitor SMD 0805 (2012 Metric), square (rectangular) end terminal, IPC_7351 nominal with elongated pad for handsoldering. (Body size source: https://docs.google.com/spreadsheets/d/1BsfQQcO9C6DZCsRaXUlFlo91Tg2WpOkGARC1WS5S8t0/edit?usp=sharing), generated with kicad-footprint-generator")
    (tags "capacitor handsolder")
    (path /5E3AE258)
    (attr smd)
    (fp_text reference C2 (at 0 0) (layer F.SilkS) hide
      (effects (font (size 0.5 0.5) (thickness 0.1)))
    )
    (fp_text value 10uF (at -2.25 0 90) (layer F.SilkS)
      (effects (font (size 0.5 0.5) (thickness 0.1)))
    )
    (fp_line (start -1 0.6) (end -1 -0.6) (layer F.Fab) (width 0.1))
    (fp_line (start -1 -0.6) (end 1 -0.6) (layer F.Fab) (width 0.1))
    (fp_line (start 1 -0.6) (end 1 0.6) (layer F.Fab) (width 0.1))
    (fp_line (start 1 0.6) (end -1 0.6) (layer F.Fab) (width 0.1))
    (fp_line (start -0.261252 -0.71) (end 0.261252 -0.71) (layer F.SilkS) (width 0.12))
    (fp_line (start -0.261252 0.71) (end 0.261252 0.71) (layer F.SilkS) (width 0.12))
    (fp_line (start -1.85 0.95) (end -1.85 -0.95) (layer F.CrtYd) (width 0.05))
    (fp_line (start -1.85 -0.95) (end 1.85 -0.95) (layer F.CrtYd) (width 0.05))
    (fp_line (start 1.85 -0.95) (end 1.85 0.95) (layer F.CrtYd) (width 0.05))
    (fp_line (start 1.85 0.95) (end -1.85 0.95) (layer F.CrtYd) (width 0.05))
    (fp_text user %R (at 0 0) (layer F.SilkS) hide
      (effects (font (size 0.5 0.5) (thickness 0.1)))
    )
    (pad 1 smd roundrect (at -1.025 0 180) (size 1.15 1.4) (layers F.Cu F.Paste F.Mask) (roundrect_rratio 0.217391)
      (net 3 3.3V))
    (pad 2 smd roundrect (at 1.025 0 180) (size 1.15 1.4) (layers F.Cu F.Paste F.Mask) (roundrect_rratio 0.217391)
      (net 2 GND))
    (model ${KISYS3DMOD}/Capacitor_SMD.3dshapes/C_0805_2012Metric.wrl
      (at (xyz 0 0 0))
      (scale (xyz 1 1 1))
      (rotate (xyz 0 0 0))
    )
  )

  (module Capacitor_SMD:C_0805_2012Metric_Pad1.15x1.40mm_HandSolder placed (layer F.Cu) (tedit 5B36C52B) (tstamp 5E55EEEA)
    (at 208.8 103.05 90)
    (descr "Capacitor SMD 0805 (2012 Metric), square (rectangular) end terminal, IPC_7351 nominal with elongated pad for handsoldering. (Body size source: https://docs.google.com/spreadsheets/d/1BsfQQcO9C6DZCsRaXUlFlo91Tg2WpOkGARC1WS5S8t0/edit?usp=sharing), generated with kicad-footprint-generator")
    (tags "capacitor handsolder")
    (path /5E410D36)
    (attr smd)
    (fp_text reference C4 (at 0 -1.65 90) (layer F.SilkS) hide
      (effects (font (size 0.5 0.5) (thickness 0.1)))
    )
    (fp_text value 0.1uF (at 0 1.35 90) (layer F.SilkS)
      (effects (font (size 0.5 0.5) (thickness 0.1)))
    )
    (fp_line (start -1 0.6) (end -1 -0.6) (layer F.Fab) (width 0.1))
    (fp_line (start -1 -0.6) (end 1 -0.6) (layer F.Fab) (width 0.1))
    (fp_line (start 1 -0.6) (end 1 0.6) (layer F.Fab) (width 0.1))
    (fp_line (start 1 0.6) (end -1 0.6) (layer F.Fab) (width 0.1))
    (fp_line (start -0.261252 -0.71) (end 0.261252 -0.71) (layer F.SilkS) (width 0.12))
    (fp_line (start -0.261252 0.71) (end 0.261252 0.71) (layer F.SilkS) (width 0.12))
    (fp_line (start -1.85 0.95) (end -1.85 -0.95) (layer F.CrtYd) (width 0.05))
    (fp_line (start -1.85 -0.95) (end 1.85 -0.95) (layer F.CrtYd) (width 0.05))
    (fp_line (start 1.85 -0.95) (end 1.85 0.95) (layer F.CrtYd) (width 0.05))
    (fp_line (start 1.85 0.95) (end -1.85 0.95) (layer F.CrtYd) (width 0.05))
    (fp_text user %R (at 0 0 90) (layer F.SilkS) hide
      (effects (font (size 0.5 0.5) (thickness 0.1)))
    )
    (pad 1 smd roundrect (at -1.025 0 90) (size 1.15 1.4) (layers F.Cu F.Paste F.Mask) (roundrect_rratio 0.217391)
      (net 4 "Net-(C4-Pad1)"))
    (pad 2 smd roundrect (at 1.025 0 90) (size 1.15 1.4) (layers F.Cu F.Paste F.Mask) (roundrect_rratio 0.217391)
      (net 5 "Net-(C4-Pad2)"))
    (model ${KISYS3DMOD}/Capacitor_SMD.3dshapes/C_0805_2012Metric.wrl
      (at (xyz 0 0 0))
      (scale (xyz 1 1 1))
      (rotate (xyz 0 0 0))
    )
  )

  (module Capacitor_SMD:C_0805_2012Metric_Pad1.15x1.40mm_HandSolder placed (layer F.Cu) (tedit 5B36C52B) (tstamp 5E50D54C)
    (at 214.55 106.9 270)
    (descr "Capacitor SMD 0805 (2012 Metric), square (rectangular) end terminal, IPC_7351 nominal with elongated pad for handsoldering. (Body size source: https://docs.google.com/spreadsheets/d/1BsfQQcO9C6DZCsRaXUlFlo91Tg2WpOkGARC1WS5S8t0/edit?usp=sharing), generated with kicad-footprint-generator")
    (tags "capacitor handsolder")
    (path /5E42115E)
    (attr smd)
    (fp_text reference C5 (at 0 -1.65 90) (layer F.SilkS) hide
      (effects (font (size 0.5 0.5) (thickness 0.1)))
    )
    (fp_text value 47pF (at -0.05 -1.25 90) (layer F.SilkS)
      (effects (font (size 0.5 0.5) (thickness 0.1)))
    )
    (fp_text user %R (at 0 0 90) (layer F.SilkS) hide
      (effects (font (size 0.5 0.5) (thickness 0.1)))
    )
    (fp_line (start 1.85 0.95) (end -1.85 0.95) (layer F.CrtYd) (width 0.05))
    (fp_line (start 1.85 -0.95) (end 1.85 0.95) (layer F.CrtYd) (width 0.05))
    (fp_line (start -1.85 -0.95) (end 1.85 -0.95) (layer F.CrtYd) (width 0.05))
    (fp_line (start -1.85 0.95) (end -1.85 -0.95) (layer F.CrtYd) (width 0.05))
    (fp_line (start -0.261252 0.71) (end 0.261252 0.71) (layer F.SilkS) (width 0.12))
    (fp_line (start -0.261252 -0.71) (end 0.261252 -0.71) (layer F.SilkS) (width 0.12))
    (fp_line (start 1 0.6) (end -1 0.6) (layer F.Fab) (width 0.1))
    (fp_line (start 1 -0.6) (end 1 0.6) (layer F.Fab) (width 0.1))
    (fp_line (start -1 -0.6) (end 1 -0.6) (layer F.Fab) (width 0.1))
    (fp_line (start -1 0.6) (end -1 -0.6) (layer F.Fab) (width 0.1))
    (pad 2 smd roundrect (at 1.025 0 270) (size 1.15 1.4) (layers F.Cu F.Paste F.Mask) (roundrect_rratio 0.217391)
      (net 6 SW_CAN))
    (pad 1 smd roundrect (at -1.025 0 270) (size 1.15 1.4) (layers F.Cu F.Paste F.Mask) (roundrect_rratio 0.217391)
      (net 2 GND))
    (model ${KISYS3DMOD}/Capacitor_SMD.3dshapes/C_0805_2012Metric.wrl
      (at (xyz 0 0 0))
      (scale (xyz 1 1 1))
      (rotate (xyz 0 0 0))
    )
  )

  (module Diode_SMD:D_0805_2012Metric_Pad1.15x1.40mm_HandSolder placed (layer F.Cu) (tedit 5B4B45C8) (tstamp 5E50D55F)
    (at 200.1 107.9 180)
    (descr "Diode SMD 0805 (2012 Metric), square (rectangular) end terminal, IPC_7351 nominal, (Body size source: https://docs.google.com/spreadsheets/d/1BsfQQcO9C6DZCsRaXUlFlo91Tg2WpOkGARC1WS5S8t0/edit?usp=sharing), generated with kicad-footprint-generator")
    (tags "diode handsolder")
    (path /5E40BAD4)
    (attr smd)
    (fp_text reference D1 (at 0 -1.65) (layer F.SilkS) hide
      (effects (font (size 0.5 0.5) (thickness 0.1)))
    )
    (fp_text value D (at -2.3 0 90) (layer F.SilkS)
      (effects (font (size 0.5 0.5) (thickness 0.1)))
    )
    (fp_line (start 1 -0.6) (end -0.7 -0.6) (layer F.Fab) (width 0.1))
    (fp_line (start -0.7 -0.6) (end -1 -0.3) (layer F.Fab) (width 0.1))
    (fp_line (start -1 -0.3) (end -1 0.6) (layer F.Fab) (width 0.1))
    (fp_line (start -1 0.6) (end 1 0.6) (layer F.Fab) (width 0.1))
    (fp_line (start 1 0.6) (end 1 -0.6) (layer F.Fab) (width 0.1))
    (fp_line (start 1 -0.96) (end -1.86 -0.96) (layer F.SilkS) (width 0.12))
    (fp_line (start -1.86 -0.96) (end -1.86 0.96) (layer F.SilkS) (width 0.12))
    (fp_line (start -1.86 0.96) (end 1 0.96) (layer F.SilkS) (width 0.12))
    (fp_line (start -1.85 0.95) (end -1.85 -0.95) (layer F.CrtYd) (width 0.05))
    (fp_line (start -1.85 -0.95) (end 1.85 -0.95) (layer F.CrtYd) (width 0.05))
    (fp_line (start 1.85 -0.95) (end 1.85 0.95) (layer F.CrtYd) (width 0.05))
    (fp_line (start 1.85 0.95) (end -1.85 0.95) (layer F.CrtYd) (width 0.05))
    (fp_text user %R (at 0 0) (layer F.SilkS) hide
      (effects (font (size 0.5 0.5) (thickness 0.1)))
    )
    (pad 1 smd roundrect (at -1.025 0 180) (size 1.15 1.4) (layers F.Cu F.Paste F.Mask) (roundrect_rratio 0.217391)
      (net 4 "Net-(C4-Pad1)"))
    (pad 2 smd roundrect (at 1.025 0 180) (size 1.15 1.4) (layers F.Cu F.Paste F.Mask) (roundrect_rratio 0.217391)
      (net 3 3.3V))
    (model ${KISYS3DMOD}/Diode_SMD.3dshapes/D_0805_2012Metric.wrl
      (at (xyz 0 0 0))
      (scale (xyz 1 1 1))
      (rotate (xyz 0 0 0))
    )
  )

  (module Package_TO_SOT_SMD:SOT-23 placed (layer F.Cu) (tedit 5A02FF57) (tstamp 5E50D574)
    (at 211.3 107.05 90)
    (descr "SOT-23, Standard")
    (tags SOT-23)
    (path /5E40B3B3)
    (attr smd)
    (fp_text reference D3 (at 0 -2.5 90) (layer F.SilkS) hide
      (effects (font (size 0.5 0.5) (thickness 0.1)))
    )
    (fp_text value MMBZ15VDLT1 (at -2.2 0 180) (layer F.SilkS)
      (effects (font (size 0.5 0.5) (thickness 0.1)))
    )
    (fp_text user %R (at 0 0) (layer F.SilkS) hide
      (effects (font (size 0.5 0.5) (thickness 0.1)))
    )
    (fp_line (start -0.7 -0.95) (end -0.7 1.5) (layer F.Fab) (width 0.1))
    (fp_line (start -0.15 -1.52) (end 0.7 -1.52) (layer F.Fab) (width 0.1))
    (fp_line (start -0.7 -0.95) (end -0.15 -1.52) (layer F.Fab) (width 0.1))
    (fp_line (start 0.7 -1.52) (end 0.7 1.52) (layer F.Fab) (width 0.1))
    (fp_line (start -0.7 1.52) (end 0.7 1.52) (layer F.Fab) (width 0.1))
    (fp_line (start 0.76 1.58) (end 0.76 0.65) (layer F.SilkS) (width 0.12))
    (fp_line (start 0.76 -1.58) (end 0.76 -0.65) (layer F.SilkS) (width 0.12))
    (fp_line (start -1.7 -1.75) (end 1.7 -1.75) (layer F.CrtYd) (width 0.05))
    (fp_line (start 1.7 -1.75) (end 1.7 1.75) (layer F.CrtYd) (width 0.05))
    (fp_line (start 1.7 1.75) (end -1.7 1.75) (layer F.CrtYd) (width 0.05))
    (fp_line (start -1.7 1.75) (end -1.7 -1.75) (layer F.CrtYd) (width 0.05))
    (fp_line (start 0.76 -1.58) (end -1.4 -1.58) (layer F.SilkS) (width 0.12))
    (fp_line (start 0.76 1.58) (end -0.7 1.58) (layer F.SilkS) (width 0.12))
    (pad 1 smd rect (at -1 -0.95 90) (size 0.9 0.8) (layers F.Cu F.Paste F.Mask)
      (net 6 SW_CAN))
    (pad 2 smd rect (at -1 0.95 90) (size 0.9 0.8) (layers F.Cu F.Paste F.Mask)
      (net 6 SW_CAN))
    (pad 3 smd rect (at 1 0 90) (size 0.9 0.8) (layers F.Cu F.Paste F.Mask)
      (net 2 GND))
    (model ${KISYS3DMOD}/Package_TO_SOT_SMD.3dshapes/SOT-23.wrl
      (at (xyz 0 0 0))
      (scale (xyz 1 1 1))
      (rotate (xyz 0 0 0))
    )
  )

  (module TerminalBlock_Phoenix:TerminalBlock_Phoenix_MKDS-3-2-5.08_1x02_P5.08mm_Horizontal locked placed (layer F.Cu) (tedit 5B294F11) (tstamp 5E50D5A0)
    (at 180.75 116.2)
    (descr "Terminal Block Phoenix MKDS-3-2-5.08, 2 pins, pitch 5.08mm, size 10.2x11.2mm^2, drill diamater 1.3mm, pad diameter 2.6mm, see http://www.farnell.com/datasheets/2138224.pdf, script-generated using https://github.com/pointhi/kicad-footprint-generator/scripts/TerminalBlock_Phoenix")
    (tags "THT Terminal Block Phoenix MKDS-3-2-5.08 pitch 5.08mm size 10.2x11.2mm^2 drill 1.3mm pad 2.6mm")
    (path /5E3B2A1D)
    (fp_text reference J1 (at 2.54 -6.96) (layer F.SilkS) hide
      (effects (font (size 0.5 0.5) (thickness 0.1)))
    )
    (fp_text value "12V INPUT" (at 2.55 3.8) (layer F.SilkS)
      (effects (font (size 0.5 0.5) (thickness 0.1)))
    )
    (fp_text user %R (at 2.54 3.1) (layer F.SilkS) hide
      (effects (font (size 0.5 0.5) (thickness 0.1)))
    )
    (fp_line (start 8.13 -6.4) (end -3.04 -6.4) (layer F.CrtYd) (width 0.05))
    (fp_line (start 8.13 5.8) (end 8.13 -6.4) (layer F.CrtYd) (width 0.05))
    (fp_line (start -3.04 5.8) (end 8.13 5.8) (layer F.CrtYd) (width 0.05))
    (fp_line (start -3.04 -6.4) (end -3.04 5.8) (layer F.CrtYd) (width 0.05))
    (fp_line (start -2.84 5.6) (end -2.34 5.6) (layer F.SilkS) (width 0.12))
    (fp_line (start -2.84 4.86) (end -2.84 5.6) (layer F.SilkS) (width 0.12))
    (fp_line (start 3.822 0.992) (end 3.427 1.388) (layer F.SilkS) (width 0.12))
    (fp_line (start 6.468 -1.654) (end 6.088 -1.274) (layer F.SilkS) (width 0.12))
    (fp_line (start 4.073 1.274) (end 3.693 1.654) (layer F.SilkS) (width 0.12))
    (fp_line (start 6.734 -1.388) (end 6.339 -0.992) (layer F.SilkS) (width 0.12))
    (fp_line (start 6.353 -1.517) (end 3.564 1.273) (layer F.Fab) (width 0.1))
    (fp_line (start 6.597 -1.273) (end 3.808 1.517) (layer F.Fab) (width 0.1))
    (fp_line (start -1.548 1.281) (end -1.654 1.388) (layer F.SilkS) (width 0.12))
    (fp_line (start 1.388 -1.654) (end 1.281 -1.547) (layer F.SilkS) (width 0.12))
    (fp_line (start -1.282 1.547) (end -1.388 1.654) (layer F.SilkS) (width 0.12))
    (fp_line (start 1.654 -1.388) (end 1.547 -1.281) (layer F.SilkS) (width 0.12))
    (fp_line (start 1.273 -1.517) (end -1.517 1.273) (layer F.Fab) (width 0.1))
    (fp_line (start 1.517 -1.273) (end -1.273 1.517) (layer F.Fab) (width 0.1))
    (fp_line (start 7.68 -5.96) (end 7.68 5.36) (layer F.SilkS) (width 0.12))
    (fp_line (start -2.6 -5.96) (end -2.6 5.36) (layer F.SilkS) (width 0.12))
    (fp_line (start -2.6 5.36) (end 7.68 5.36) (layer F.SilkS) (width 0.12))
    (fp_line (start -2.6 -5.96) (end 7.68 -5.96) (layer F.SilkS) (width 0.12))
    (fp_line (start -2.6 -3.9) (end 7.68 -3.9) (layer F.SilkS) (width 0.12))
    (fp_line (start -2.54 -3.9) (end 7.62 -3.9) (layer F.Fab) (width 0.1))
    (fp_line (start -2.6 2.3) (end 7.68 2.3) (layer F.SilkS) (width 0.12))
    (fp_line (start -2.54 2.3) (end 7.62 2.3) (layer F.Fab) (width 0.1))
    (fp_line (start -2.6 4.8) (end 7.68 4.8) (layer F.SilkS) (width 0.12))
    (fp_line (start -2.54 4.8) (end 7.62 4.8) (layer F.Fab) (width 0.1))
    (fp_line (start -2.54 4.8) (end -2.54 -5.9) (layer F.Fab) (width 0.1))
    (fp_line (start -2.04 5.3) (end -2.54 4.8) (layer F.Fab) (width 0.1))
    (fp_line (start 7.62 5.3) (end -2.04 5.3) (layer F.Fab) (width 0.1))
    (fp_line (start 7.62 -5.9) (end 7.62 5.3) (layer F.Fab) (width 0.1))
    (fp_line (start -2.54 -5.9) (end 7.62 -5.9) (layer F.Fab) (width 0.1))
    (fp_circle (center 5.08 0) (end 7.26 0) (layer F.SilkS) (width 0.12))
    (fp_circle (center 5.08 0) (end 7.08 0) (layer F.Fab) (width 0.1))
    (fp_circle (center 0 0) (end 2.18 0) (layer F.SilkS) (width 0.12))
    (fp_circle (center 0 0) (end 2 0) (layer F.Fab) (width 0.1))
    (pad 2 thru_hole circle (at 5.08 0) (size 2.6 2.6) (drill 1.3) (layers *.Cu *.Mask)
      (net 16 "Net-(J1-Pad2)"))
    (pad 1 thru_hole rect (at 0 0) (size 2.6 2.6) (drill 1.3) (layers *.Cu *.Mask)
      (net 2 GND))
    (model ${KISYS3DMOD}/TerminalBlock_Phoenix.3dshapes/TerminalBlock_Phoenix_MKDS-3-2-5.08_1x02_P5.08mm_Horizontal.wrl
      (at (xyz 0 0 0))
      (scale (xyz 1 1 1))
      (rotate (xyz 0 0 0))
    )
  )

  (module TerminalBlock_Phoenix:TerminalBlock_Phoenix_MKDS-3-2-5.08_1x02_P5.08mm_Horizontal placed (layer F.Cu) (tedit 5B294F11) (tstamp 5E50D5FB)
    (at 204 116.2)
    (descr "Terminal Block Phoenix MKDS-3-2-5.08, 2 pins, pitch 5.08mm, size 10.2x11.2mm^2, drill diamater 1.3mm, pad diameter 2.6mm, see http://www.farnell.com/datasheets/2138224.pdf, script-generated using https://github.com/pointhi/kicad-footprint-generator/scripts/TerminalBlock_Phoenix")
    (tags "THT Terminal Block Phoenix MKDS-3-2-5.08 pitch 5.08mm size 10.2x11.2mm^2 drill 1.3mm pad 2.6mm")
    (path /5E3B5EB6)
    (fp_text reference J7 (at 2.54 -6.96) (layer F.SilkS) hide
      (effects (font (size 0.5 0.5) (thickness 0.1)))
    )
    (fp_text value I-BUS (at 2.5 3.8) (layer F.SilkS)
      (effects (font (size 0.5 0.5) (thickness 0.1)))
    )
    (fp_circle (center 0 0) (end 2 0) (layer F.Fab) (width 0.1))
    (fp_circle (center 0 0) (end 2.18 0) (layer F.SilkS) (width 0.12))
    (fp_circle (center 5.08 0) (end 7.08 0) (layer F.Fab) (width 0.1))
    (fp_circle (center 5.08 0) (end 7.26 0) (layer F.SilkS) (width 0.12))
    (fp_line (start -2.54 -5.9) (end 7.62 -5.9) (layer F.Fab) (width 0.1))
    (fp_line (start 7.62 -5.9) (end 7.62 5.3) (layer F.Fab) (width 0.1))
    (fp_line (start 7.62 5.3) (end -2.04 5.3) (layer F.Fab) (width 0.1))
    (fp_line (start -2.04 5.3) (end -2.54 4.8) (layer F.Fab) (width 0.1))
    (fp_line (start -2.54 4.8) (end -2.54 -5.9) (layer F.Fab) (width 0.1))
    (fp_line (start -2.54 4.8) (end 7.62 4.8) (layer F.Fab) (width 0.1))
    (fp_line (start -2.6 4.8) (end 7.68 4.8) (layer F.SilkS) (width 0.12))
    (fp_line (start -2.54 2.3) (end 7.62 2.3) (layer F.Fab) (width 0.1))
    (fp_line (start -2.6 2.3) (end 7.68 2.3) (layer F.SilkS) (width 0.12))
    (fp_line (start -2.54 -3.9) (end 7.62 -3.9) (layer F.Fab) (width 0.1))
    (fp_line (start -2.6 -3.9) (end 7.68 -3.9) (layer F.SilkS) (width 0.12))
    (fp_line (start -2.6 -5.96) (end 7.68 -5.96) (layer F.SilkS) (width 0.12))
    (fp_line (start -2.6 5.36) (end 7.68 5.36) (layer F.SilkS) (width 0.12))
    (fp_line (start -2.6 -5.96) (end -2.6 5.36) (layer F.SilkS) (width 0.12))
    (fp_line (start 7.68 -5.96) (end 7.68 5.36) (layer F.SilkS) (width 0.12))
    (fp_line (start 1.517 -1.273) (end -1.273 1.517) (layer F.Fab) (width 0.1))
    (fp_line (start 1.273 -1.517) (end -1.517 1.273) (layer F.Fab) (width 0.1))
    (fp_line (start 1.654 -1.388) (end 1.547 -1.281) (layer F.SilkS) (width 0.12))
    (fp_line (start -1.282 1.547) (end -1.388 1.654) (layer F.SilkS) (width 0.12))
    (fp_line (start 1.388 -1.654) (end 1.281 -1.547) (layer F.SilkS) (width 0.12))
    (fp_line (start -1.548 1.281) (end -1.654 1.388) (layer F.SilkS) (width 0.12))
    (fp_line (start 6.597 -1.273) (end 3.808 1.517) (layer F.Fab) (width 0.1))
    (fp_line (start 6.353 -1.517) (end 3.564 1.273) (layer F.Fab) (width 0.1))
    (fp_line (start 6.734 -1.388) (end 6.339 -0.992) (layer F.SilkS) (width 0.12))
    (fp_line (start 4.073 1.274) (end 3.693 1.654) (layer F.SilkS) (width 0.12))
    (fp_line (start 6.468 -1.654) (end 6.088 -1.274) (layer F.SilkS) (width 0.12))
    (fp_line (start 3.822 0.992) (end 3.427 1.388) (layer F.SilkS) (width 0.12))
    (fp_line (start -2.84 4.86) (end -2.84 5.6) (layer F.SilkS) (width 0.12))
    (fp_line (start -2.84 5.6) (end -2.34 5.6) (layer F.SilkS) (width 0.12))
    (fp_line (start -3.04 -6.4) (end -3.04 5.8) (layer F.CrtYd) (width 0.05))
    (fp_line (start -3.04 5.8) (end 8.13 5.8) (layer F.CrtYd) (width 0.05))
    (fp_line (start 8.13 5.8) (end 8.13 -6.4) (layer F.CrtYd) (width 0.05))
    (fp_line (start 8.13 -6.4) (end -3.04 -6.4) (layer F.CrtYd) (width 0.05))
    (fp_text user %R (at 2.54 3.1) (layer F.SilkS) hide
      (effects (font (size 0.5 0.5) (thickness 0.1)))
    )
    (pad 1 thru_hole rect (at 0 0) (size 2.6 2.6) (drill 1.3) (layers *.Cu *.Mask)
      (net 6 SW_CAN))
    (pad 2 thru_hole circle (at 5.08 0) (size 2.6 2.6) (drill 1.3) (layers *.Cu *.Mask)
      (net 2 GND))
    (model ${KISYS3DMOD}/TerminalBlock_Phoenix.3dshapes/TerminalBlock_Phoenix_MKDS-3-2-5.08_1x02_P5.08mm_Horizontal.wrl
      (at (xyz 0 0 0))
      (scale (xyz 1 1 1))
      (rotate (xyz 0 0 0))
    )
  )

  (module Inductor_SMD:L_0805_2012Metric_Pad1.15x1.40mm_HandSolder placed (layer F.Cu) (tedit 5B36C52B) (tstamp 5E55EE5A)
    (at 211.7 103.05 270)
    (descr "Capacitor SMD 0805 (2012 Metric), square (rectangular) end terminal, IPC_7351 nominal with elongated pad for handsoldering. (Body size source: https://docs.google.com/spreadsheets/d/1BsfQQcO9C6DZCsRaXUlFlo91Tg2WpOkGARC1WS5S8t0/edit?usp=sharing), generated with kicad-footprint-generator")
    (tags "inductor handsolder")
    (path /5E40E59B)
    (attr smd)
    (fp_text reference L1 (at 0 -1.65 90) (layer F.SilkS) hide
      (effects (font (size 0.5 0.5) (thickness 0.1)))
    )
    (fp_text value 47uH (at 0 -1.35 90) (layer F.SilkS)
      (effects (font (size 0.5 0.5) (thickness 0.1)))
    )
    (fp_line (start -1 0.6) (end -1 -0.6) (layer F.Fab) (width 0.1))
    (fp_line (start -1 -0.6) (end 1 -0.6) (layer F.Fab) (width 0.1))
    (fp_line (start 1 -0.6) (end 1 0.6) (layer F.Fab) (width 0.1))
    (fp_line (start 1 0.6) (end -1 0.6) (layer F.Fab) (width 0.1))
    (fp_line (start -0.261252 -0.71) (end 0.261252 -0.71) (layer F.SilkS) (width 0.12))
    (fp_line (start -0.261252 0.71) (end 0.261252 0.71) (layer F.SilkS) (width 0.12))
    (fp_line (start -1.85 0.95) (end -1.85 -0.95) (layer F.CrtYd) (width 0.05))
    (fp_line (start -1.85 -0.95) (end 1.85 -0.95) (layer F.CrtYd) (width 0.05))
    (fp_line (start 1.85 -0.95) (end 1.85 0.95) (layer F.CrtYd) (width 0.05))
    (fp_line (start 1.85 0.95) (end -1.85 0.95) (layer F.CrtYd) (width 0.05))
    (fp_text user %R (at 0 0 90) (layer F.SilkS) hide
      (effects (font (size 0.5 0.5) (thickness 0.1)))
    )
    (pad 1 smd roundrect (at -1.025 0 270) (size 1.15 1.4) (layers F.Cu F.Paste F.Mask) (roundrect_rratio 0.217391)
      (net 5 "Net-(C4-Pad2)"))
    (pad 2 smd roundrect (at 1.025 0 270) (size 1.15 1.4) (layers F.Cu F.Paste F.Mask) (roundrect_rratio 0.217391)
      (net 6 SW_CAN))
    (model ${KISYS3DMOD}/Inductor_SMD.3dshapes/L_0805_2012Metric.wrl
      (at (xyz 0 0 0))
      (scale (xyz 1 1 1))
      (rotate (xyz 0 0 0))
    )
  )

  (module Resistor_SMD:R_0805_2012Metric_Pad1.15x1.40mm_HandSolder placed (layer F.Cu) (tedit 5B36C52B) (tstamp 5E55EDFA)
    (at 211.7 99.15 90)
    (descr "Resistor SMD 0805 (2012 Metric), square (rectangular) end terminal, IPC_7351 nominal with elongated pad for handsoldering. (Body size source: https://docs.google.com/spreadsheets/d/1BsfQQcO9C6DZCsRaXUlFlo91Tg2WpOkGARC1WS5S8t0/edit?usp=sharing), generated with kicad-footprint-generator")
    (tags "resistor handsolder")
    (path /5E3FEC80)
    (attr smd)
    (fp_text reference R6 (at 0 -1.65 90) (layer F.SilkS) hide
      (effects (font (size 0.5 0.5) (thickness 0.1)))
    )
    (fp_text value 10k (at 0.05 1.35 90) (layer F.SilkS)
      (effects (font (size 0.5 0.5) (thickness 0.1)))
    )
    (fp_text user %R (at 0 0 90) (layer F.SilkS) hide
      (effects (font (size 0.5 0.5) (thickness 0.1)))
    )
    (fp_line (start 1.85 0.95) (end -1.85 0.95) (layer F.CrtYd) (width 0.05))
    (fp_line (start 1.85 -0.95) (end 1.85 0.95) (layer F.CrtYd) (width 0.05))
    (fp_line (start -1.85 -0.95) (end 1.85 -0.95) (layer F.CrtYd) (width 0.05))
    (fp_line (start -1.85 0.95) (end -1.85 -0.95) (layer F.CrtYd) (width 0.05))
    (fp_line (start -0.261252 0.71) (end 0.261252 0.71) (layer F.SilkS) (width 0.12))
    (fp_line (start -0.261252 -0.71) (end 0.261252 -0.71) (layer F.SilkS) (width 0.12))
    (fp_line (start 1 0.6) (end -1 0.6) (layer F.Fab) (width 0.1))
    (fp_line (start 1 -0.6) (end 1 0.6) (layer F.Fab) (width 0.1))
    (fp_line (start -1 -0.6) (end 1 -0.6) (layer F.Fab) (width 0.1))
    (fp_line (start -1 0.6) (end -1 -0.6) (layer F.Fab) (width 0.1))
    (pad 2 smd roundrect (at 1.025 0 90) (size 1.15 1.4) (layers F.Cu F.Paste F.Mask) (roundrect_rratio 0.217391)
      (net 7 MC33_TX))
    (pad 1 smd roundrect (at -1.025 0 90) (size 1.15 1.4) (layers F.Cu F.Paste F.Mask) (roundrect_rratio 0.217391)
      (net 3 3.3V))
    (model ${KISYS3DMOD}/Resistor_SMD.3dshapes/R_0805_2012Metric.wrl
      (at (xyz 0 0 0))
      (scale (xyz 1 1 1))
      (rotate (xyz 0 0 0))
    )
  )

  (module Resistor_SMD:R_0805_2012Metric_Pad1.15x1.40mm_HandSolder placed (layer F.Cu) (tedit 5B36C52B) (tstamp 5E55EE8A)
    (at 208.8 99.15 270)
    (descr "Resistor SMD 0805 (2012 Metric), square (rectangular) end terminal, IPC_7351 nominal with elongated pad for handsoldering. (Body size source: https://docs.google.com/spreadsheets/d/1BsfQQcO9C6DZCsRaXUlFlo91Tg2WpOkGARC1WS5S8t0/edit?usp=sharing), generated with kicad-footprint-generator")
    (tags "resistor handsolder")
    (path /5E3FEA50)
    (attr smd)
    (fp_text reference R7 (at 0 -2.3 90) (layer F.SilkS) hide
      (effects (font (size 0.5 0.5) (thickness 0.1)))
    )
    (fp_text value 2.7k (at 0 -1.35 90) (layer F.SilkS)
      (effects (font (size 0.5 0.5) (thickness 0.1)))
    )
    (fp_line (start -1 0.6) (end -1 -0.6) (layer F.Fab) (width 0.1))
    (fp_line (start -1 -0.6) (end 1 -0.6) (layer F.Fab) (width 0.1))
    (fp_line (start 1 -0.6) (end 1 0.6) (layer F.Fab) (width 0.1))
    (fp_line (start 1 0.6) (end -1 0.6) (layer F.Fab) (width 0.1))
    (fp_line (start -0.261252 -0.71) (end 0.261252 -0.71) (layer F.SilkS) (width 0.12))
    (fp_line (start -0.261252 0.71) (end 0.261252 0.71) (layer F.SilkS) (width 0.12))
    (fp_line (start -1.85 0.95) (end -1.85 -0.95) (layer F.CrtYd) (width 0.05))
